Name	"node.degree"	"node.betw"	"node.stress"	"node.evcent"	"Clustering.Coefficient"	No. module	Zi	Pi
OTU1	2	793.778179200831	1969124	2.8391755313498e-12	0	3	-0.502335599680883	0
OTU2	39	9739.75958981635	13540036	2.6518960493547e-05	0.215924426450742	1	4.60930307428802	0
OTU3	47	173.436253680319	172100	0.168047085676134	0.640148011100833	0	1.45558227123217	0
OTU4	48	1248.88107992441	1591976	0.166993903693951	0.607269503546099	0	1.39599097141312	0.0798611111111109
OTU5	2	530.221820799175	1312840	1.94947753780743e-12	0	3	-0.502335599680883	0
OTU6	49	2573.87619292334	1836590	0.161749575007079	0.542517006802721	0	1.57476487087026	0
OTU7	45	1693.65802483851	3446990	0.156878232006863	0.615151515151515	0	1.21721707195599	0.0849382716049383
OTU9	47	111.885629546724	57100	0.166211411841372	0.627197039777983	0	1.45558227123217	0
OTU10	34	1410.20697358139	2131950	0.109396517443919	0.602495543672014	0	0.3233475746703	0.290657439446367
OTU11	5	6647	4266277	0.000827908207471264	0.3	4	0.380142960634853	0.48
OTU12	17	3253.72521149028	4045853	0.000122524120621241	0.411764705882353	1	1.35267476709449	0
OTU13	3	888.097547909607	62301	1.88793645105623e-07	0	3	-0.502335599680883	0.444444444444444
OTU14	1	0	0	5.05390338283284e-47	0	38	0	0
OTU15	5	999	609561	2.32685573659261e-05	0.4	4	2.0527719874282	0
OTU16	38	63.6862764556252	53844	0.144721029365018	0.724039829302987	0	0.919260572860758	0
OTU17	1	0	0	8.28031530243332e-43	0	23	0	0
OTU18	19	11507.4568743331	16423953	0.0597239387326265	0.637426900584795	0	-0.51093062279634	0.421052631578947
OTU19	4	1000	2461480	1.30712437822404e-13	0.166666666666667	3	0.533731574660938	0
OTU20	23	3190.45319455278	1694836	6.91677870218053e-06	0.205533596837945	1	2.09281756418393	0.0831758034026464
OTU21	25	1373.15378134607	4902819	0.0572213217945558	0.406666666666667	0	0.0253910755750717	0.1472
OTU22	1	0	0	6.02640652561673e-09	0	1	-1.01578218359171	0
OTU24	20	67.0546580865147	18019	0.0626226887199113	0.457894736842105	0	-0.153382823882065	0
OTU25	18	5.76297400685352	10617	0.0657876075178392	0.535947712418301	0	-0.272565423520157	0
OTU26	3	0	0	6.7073278233598e-07	1	4	0.380142960634853	0
OTU30	22	286.032944168154	28569	0.0707808846813882	0.510822510822511	0	-0.0937915240630198	0.0867768595041321
OTU31	1	0	0	5.05390338283284e-47	0	31	0	0
OTU32	2	0	0	3.06646448986026e-35	1	14	-1	0
OTU33	1	0	0	1.77807164355136e-08	0	4	-1.2924860661585	0
OTU34	44	1326.29190839318	2294805	0.152568435104293	0.608879492600423	0	1.21721707195599	0.0444214876033058
OTU35	3	335	820495	3.66508331475882e-15	0.333333333333333	3	0.0156979874900276	0
OTU37	2	1	1	1.65606306048666e-42	0	20	0	0
OTU38	3	552.299998014994	34540	0.00180926890302468	0	2	0.339144528788014	0
OTU39	8	127.130052823038	102271	6.6208739100811e-07	0.321428571428571	1	0.0204177323335018	0
OTU40	18	6213.63350554117	5765043	0.00012227514860387	0.444444444444444	1	1.50070332651238	0
OTU41	4	4815	3047445	2.32492774183401e-05	0.333333333333333	4	1.21645747403153	0
OTU42	34	3215.64232376108	1179114	0.116283728061871	0.577540106951872	0	0.442530174308392	0.207612456747405
OTU43	23	2246.24494350352	7450474	0.0249028609642981	0.292490118577075	0	0.0253910755750717	0
OTU45	1	0	0	8.28031530243332e-43	0	26	0	0
OTU46	6	40.0237844226552	578	0.010407358934696	0.533333333333333	2	0.339144528788014	0.5
OTU47	45	1146.93944564674	1390291	0.134674069388049	0.467676767676768	0	1.21721707195599	0.0859259259259259
OTU48	2	0	0	1.19322432274115e-05	1	0	-1.22602622062489	0
OTU50	18	9760.85329002956	10169436	1.42006475492359e-06	0.235294117647059	1	1.2046462076766	0.197530864197531
OTU51	44	1786.61040129226	2290365	0.148618100259872	0.572938689217759	0	1.21721707195599	0.0444214876033058
OTU54	9	299.961432450285	105933	0.0149134757725604	0.416666666666667	6	1.82574185835055	0.493827160493827
OTU55	23	183.358316367843	49798	0.0878622775717011	0.739130434782609	0	0.0253910755750717	0
OTU56	29	360.164881094553	271906	0.0933995732472852	0.504926108374384	0	0.382938874489346	0
OTU57	1	0	0	6.61282275766057e-09	0	5	-1.29099444873581	0
OTU58	23	1345.32805804354	4559926	0.0244971163958446	0.320158102766798	0	0.0253910755750717	0
OTU59	1	0	0	1.718556347217e-09	0	1	-1.01578218359171	0
OTU60	1	0	0	8.72118374674143e-13	0	3	-1.02036918685179	0
OTU61	2	0	0	2.44271185815668e-07	1	1	-0.867753624173824	0
OTU62	3	1.43088353194447	32	0.00383816418113581	0.333333333333333	0	-1.16643492080584	0
OTU63	10	7801.07039902127	7548381	4.15757950511392e-08	0.266666666666667	3	2.60586592334458	0.32
OTU64	7	7.22015523313477	87	9.35894829362035e-07	0.571428571428571	1	-0.127610827084386	0
OTU65	1	0	0	0.000222383346667831	0	22	0	0
OTU66	1	0	0	5.05390338283284e-47	0	34	0	0
OTU67	8	2578.3146330097	2396192	0.0145339316729232	0.464285714285714	2	0.339144528788014	0.59375
OTU69	9	90.1101576421715	886	0.0111992753559074	0.472222222222222	0	-0.868478421710614	0.197530864197531
OTU70	1	0	0	1.77807068570476e-08	0	4	-1.2924860661585	0
OTU71	1	0	0	8.28031530243332e-43	0	20	0	0
OTU72	3	1985	984911	3.19990656836889e-11	0	3	0.0156979874900276	0
OTU73	57	2945.32407457682	6687385	0.165180008122462	0.363408521303258	0	2.05149526942263	0
OTU74	13	1331.58979426929	5136764	0.0039574159400474	0.333333333333333	0	-0.749295822072523	0.390532544378698
OTU75	42	1205.34550674424	2264495	0.14695224098965	0.617886178861789	0	1.09803447231789	0.0464852607709751
OTU77	5	6.04931105594624	138	0.00637941372710126	0.6	6	-0.912870929175277	0.32
OTU78	1	0	0	5.24659379878855e-14	0	3	-1.02036918685179	0
OTU79	9	631.214341943918	1589602	1.21966734786385e-05	0.722222222222222	1	0.168446291751389	0
OTU80	2	0	0	3.66243278920278e-15	1	3	-0.502335599680883	0
OTU81	4	127.486147674218	39555	0.00138070098999585	0.5	2	-0.369975849586925	0.625
OTU82	2	0	0	7.64314800982202e-06	1	1	-0.867753624173824	0
OTU83	7	8.52520770784484	92	8.8877168770903e-06	0.714285714285714	1	-0.127610827084386	0
OTU84	4	344.404031066972	347848	6.30559711008087e-08	0	1	-0.571696505338049	0
OTU89	44	1031.6253643306	1365520	0.158450497165453	0.645877378435518	0	1.21721707195599	0.0444214876033058
OTU90	4	669	406353	6.52396327352137e-07	0.166666666666667	4	1.21645747403153	0
OTU92	8	167.470918832985	91094	0.00817673160179995	0.392857142857143	0	-0.868478421710614	0
OTU93	4	165.5	306711	1.65985303345088e-09	0.666666666666667	7	0.696733014291618	0
OTU94	12	3019.63637269215	5051342	0.00011665018387742	0.53030303030303	1	0.612531970005052	0
OTU95	42	1076.51955232296	2355172	0.154572420061584	0.682926829268293	0	1.03844317249885	0.090702947845805
OTU96	44	1331.32700601637	2544711	0.158317968964206	0.651162790697674	0	1.09803447231789	0.12706611570248
OTU98	12	787.588313671172	30997	0.0317743775686274	0.590909090909091	2	1.04826490716295	0.444444444444444
OTU99	3	165.477646203074	41207	2.40938333196672e-07	0.333333333333333	1	-0.719725064755936	0
OTU100	1	0	0	8.28031530243332e-43	0	28	0	0
OTU101	1	0	0	8.28031530243332e-43	0	25	0	0
OTU102	29	293.520741891117	74154	0.097123263507208	0.5935960591133	0	0.3233475746703	0.0665873959571937
OTU105	41	1063.87230518786	2381590	0.153737069367115	0.708536585365854	0	1.03844317249885	0.0475907198096373
OTU106	1	0	0	5.05390338283284e-47	0	40	0	0
OTU107	22	32.3449245173515	1367	0.0776895972455197	0.584415584415584	0	-0.034200224243974	0
OTU109	21	5295.59830982971	7375548	0.000128166614618327	0.385714285714286	1	1.94478900476604	0
OTU110	6	583.444243732916	984634	1.27083209074438e-09	0.533333333333333	3	1.56979874900276	0
OTU111	12	98.054019892568	19563	0.0391333966777777	0.560606060606061	0	-0.689704522253477	0.152777777777778
OTU112	5	674.197783787155	287667	1.20902368145517e-08	0.4	7	0.696733014291618	0.32
OTU113	54	428.274796300691	747231	0.159270650448611	0.362683438155136	0	1.87272136996549	0
OTU114	2	5.26507936507937	16	0.00011107747201735	0	17	0	0
OTU116	2	1	1	1.65606306048666e-42	0	21	0	0
OTU117	23	1258.21584476104	2105210	2.48721890276799e-06	0.162055335968379	1	2.24084612360181	0
OTU118	3	149.150460278959	164029	3.98976774497109e-08	0.666666666666667	3	-0.502335599680883	0.444444444444444
OTU120	1	0	0	3.38733205516761e-11	0	3	-1.02036918685179	0
OTU121	45	1273.31199134901	2588063	0.161068094322477	0.645454545454546	0	1.21721707195599	0.0849382716049383
OTU122	3	0	0	0.0124814613173267	1	0	-1.16643492080584	0
OTU123	5	335.936055840822	5396	0.0125230471160209	0.5	0	-1.04725232116775	0
OTU124	44	2117.3412517368	3086728	0.156773858675519	0.633192389006342	0	1.21721707195599	0.0444214876033058
OTU125	1	0	0	0.000115215737065538	0	19	0	0
OTU126	8	591.777178035539	5776	2.20908542245744e-07	0.25	1	0.0204177323335018	0
OTU127	4	857.471820799166	1641065	7.1397924372694e-11	0.333333333333333	3	0.533731574660938	0
OTU128	1	0	0	5.05390338283284e-47	0	31	0	0
OTU130	9	3871.18607133287	4664969	0.000115436618578063	0.611111111111111	1	0.168446291751389	0
OTU131	2	335	306715	4.55764181297635e-11	0	7	-0.557386411433294	0
OTU132	14	3674.21378042218	2897030	8.3005272068142e-06	0.230769230769231	1	0.908589088840827	0
OTU133	1	0	0	8.28031530243332e-43	0	28	0	0
OTU134	5	187.476541441671	122539	9.85013171688093e-06	0.4	1	-0.423667945920161	0
OTU135	46	207.519873049866	707474	0.166583239984612	0.658937198067633	0	1.39599097141312	0
OTU137	17	143.918969658435	1205	2.05532854364868e-05	0.448529411764706	1	1.35267476709449	0
OTU138	1	0	0	5.05390338283284e-47	0	33	0	0
OTU139	7	6.96905045715341	78	1.62681365919709e-06	0.571428571428571	1	-0.127610827084386	0
OTU140	3	483.588735647292	984502	1.18894116366768e-09	0	1	-0.867753624173824	0.444444444444444
OTU141	5	925.975917221234	44778	0.000148243402973003	0.3	5	1.80739222823013	0.32
OTU145	10	111.11596069933	1520	1.78794953879761e-06	0.577777777777778	1	0.316474851169277	0
OTU146	1	0	0	8.28031530243332e-43	0	21	0	0
OTU147	2	335	164156	6.49753266632119e-16	0	3	-0.502335599680883	0
OTU148	2	269.264214576273	20701	5.15016472633136e-09	0	3	-0.502335599680883	0
OTU149	13	235.898692532487	190850	0.0451192877608091	0.666666666666667	0	-0.689704522253477	0.260355029585799
OTU150	1	0	0	5.05390338283284e-47	0	44	0	0
OTU152	9	303.662334799971	1609934	0.0023460040101563	0.694444444444444	0	-0.808887121891568	0
OTU153	11	918.868153734756	3172097	0.00422418231457027	0.418181818181818	0	-0.808887121891568	0.314049586776859
OTU155	8	65.1421038541005	1369	0.0131556257696381	0.392857142857143	0	-0.868478421710614	0
OTU157	32	395.18155385073	366390	0.108445517629872	0.616935483870968	0	0.442530174308392	0.1171875
OTU159	1	0	0	1.24216152287226e-12	0	7	-1.18444612429575	0
OTU160	1	0	0	5.05390338283284e-47	0	58	0	0
OTU161	5	70.5947897188084	40862	3.64252981383083e-07	0.5	1	-0.423667945920161	0
OTU162	3	0	0	6.7073278233598e-07	1	4	0.380142960634853	0
OTU164	1	0	0	5.05390338283284e-47	0	56	0	0
OTU168	3	5	5	4.30742648932214e-39	0	11	1.75	0
OTU169	2	660	30408	3.04534902122748e-06	0	2	-0.369975849586925	0
OTU170	1	0	0	3.36457427652843e-11	0	3	-1.02036918685179	0
OTU174	1	0	0	1.77807068570476e-08	0	4	-1.2924860661585	0
OTU175	1	0	0	5.05390338283284e-47	0	54	0	0
OTU176	3	1001	492464	2.38223034448272e-14	0	3	0.0156979874900276	0
OTU178	2	25.5490540454568	146	0.000244896853693561	0	13	0	0
OTU179	20	167.383331037937	19655	0.0621581161080606	0.415789473684211	0	-0.153382823882065	0
OTU180	2	335	20979	9.75066044914356e-08	0	1	-0.867753624173824	0
OTU181	7	307.566858951497	1609948	0.00230037157334001	0.714285714285714	0	-0.92806972152966	0
OTU182	2	0	0	8.97693861251295e-11	1	10	-0.45146611838648	0
OTU184	14	1860.05003172203	2365387	8.5765339985867e-06	0.21978021978022	1	0.908589088840827	0
OTU186	1	0	0	1.52150614972729e-09	0	1	-1.01578218359171	0
OTU187	48	1305.88400531844	421692	0.154878488212199	0.533687943262411	0	1.39599097141312	0.0807291666666665
OTU188	19	1229.41989480359	2220015	2.48500775159313e-06	0.245614035087719	1	1.64873188593026	0
OTU189	2	0	0	2.33050947042954e-07	1	1	-0.867753624173824	0
OTU194	4	84.2370966183452	53298	0.0066504099721284	0.666666666666667	6	0	0.5
OTU195	4	1332.31922175474	57488	0.00283905375506734	0.166666666666667	5	-0.258198889747161	0.5
OTU199	1	0	0	5.05390338283284e-47	0	50	0	0
OTU201	6	310.691600171472	3154204	0.00035933598463633	0.466666666666667	0	-0.987661021348706	0
OTU202	2	8.74448836187967	30	0.000118155146223309	0	17	0	0
OTU205	40	1067.63637010979	2257090	0.144917901145301	0.655128205128205	0	0.859669273041712	0.13875
OTU207	11	473.341472206318	2145036	0.00250800086190609	0.545454545454545	0	-0.689704522253477	0
OTU208	15	138.33654598648	3040	0.0347993593064244	0.20952380952381	0	-0.451339322977294	0
OTU209	5	1003	45626	1.6643123675537e-07	0	2	1.75738528553789	0
OTU215	6	5.4840160109425	63	1.23397079104361e-06	0.666666666666667	1	-0.275639386502273	0
OTU222	5	396.059523809524	164375	1.23450356845252e-09	0.4	3	1.05176516183185	0
OTU223	1	0	0	5.05390338283284e-47	0	48	0	0
OTU224	2	0	0	0.000782400334409347	1	0	-1.22602622062489	0
OTU225	1	0	0	0.000115215737065538	0	19	0	0
OTU226	4	668	656430	7.05792305253771e-11	0.5	3	0.533731574660938	0
OTU227	3	668	41956	3.57498151643546e-06	0.333333333333333	1	-0.719725064755936	0
OTU228	3	2304	83613	0.000111571225287038	0	2	0.339144528788014	0
OTU231	9	1204.45760291901	371291	3.92849887060096e-07	0.277777777777778	1	0.0204177323335018	0.197530864197531
OTU233	1	0	0	5.05390338283284e-47	0	45	0	0
OTU234	2	0	0	1.01311064721187e-14	1	4	-0.456171552761823	0
OTU238	1	0	0	8.28031530243332e-43	0	24	0	0
OTU239	3	0.5	1	2.25493895281733e-09	0.666666666666667	3	0.0156979874900276	0
OTU242	1	0	0	8.28031530243332e-43	0	27	0	0
OTU244	19	39.9594972503638	28594	0.0605873167892557	0.596491228070175	0	-0.272565423520157	0.0997229916897509
OTU245	1	0	0	5.05390338283284e-47	0	39	0	0
OTU247	21	629.81364255274	743859	1.48067378617005e-05	0.328571428571429	1	1.94478900476604	0
OTU249	1	0	0	2.65748946521382e-09	0	1	-1.01578218359171	0
OTU250	1	0	0	5.05390338283284e-47	0	38	0	0
OTU255	2	1	1	1.65606306048666e-42	0	26	0	0
OTU257	1	0	0	5.05390338283284e-47	0	45	0	0
OTU259	11	85.9257499363382	628	1.60837381061834e-05	0.6	1	0.464503410587164	0
OTU260	16	4626.97254210039	8147598	0.000123913019193336	0.475	1	1.2046462076766	0
OTU261	11	335.028641634543	79349	0.0358112319782602	0.690909090909091	0	-0.808887121891568	0.297520661157025
OTU263	1	0	0	5.05390338283284e-47	0	36	0	0
OTU266	1	0	0	5.05390338283284e-47	0	35	0	0
OTU267	5	419.316056508297	12073	0.000177915070552319	0.4	5	0.774596669241483	0.48
OTU268	8	328.412192046237	7445	0.0138340497338304	0.392857142857143	0	-0.92806972152966	0.21875
OTU269	1	0	0	5.05390338283284e-47	0	35	0	0
OTU270	1	0	0	5.05390338283284e-47	0	33	0	0
OTU271	4	1.37142857142857	8	0.00502603046503572	0.5	0	-1.1068436209868	0
OTU272	6	1191.77712977975	165374	2.50402840396454e-07	0.2	1	-0.423667945920161	0.277777777777778
OTU276	17	554.527206023622	20829	0.0486921080376232	0.345588235294118	0	-0.391748023158248	0.110726643598616
OTU278	2	0	0	1.74578807952122e-10	1	10	-0.45146611838648	0
OTU279	12	26585.9474969431	35153532	0.00379219963197226	0.257575757575758	1	0.168446291751389	0.402777777777778
OTU281	1	0	0	5.05390338283284e-47	0	40	0	0
OTU282	1	0	0	8.28031530243332e-43	0	29	0	0
OTU283	4	1.55820841319569	74	0.0107585786287671	0.666666666666667	2	-1.07909622796186	0.375
OTU284	6	1161.87817920084	2461485	1.04042009162288e-10	0.266666666666667	3	1.05176516183185	0.277777777777778
OTU287	8	406.536819325241	2145985	0.00222564882870906	0.535714285714286	0	-0.868478421710614	0
OTU288	8	104.487602528698	290851	8.70029258185018e-06	0.678571428571429	1	0.0204177323335018	0
OTU289	2	0	0	0.000587711970851989	1	6	0	0
OTU290	1	0	0	5.05390338283284e-47	0	32	0	0
OTU291	4	572.991858904068	157067	0.00015791251926488	0.333333333333333	1	-0.867753624173824	0.5
OTU292	4	335	61767	0.00643859767446108	0.5	15	0	0
OTU293	1	0	0	9.86191423827284e-15	0	4	-1.2924860661585	0
OTU295	4	2401.90245209039	1149505	1.17234013720895e-09	0.166666666666667	3	0.533731574660938	0
OTU296	2	41.8458113790949	369	4.78418684864166e-09	0	1	-0.867753624173824	0
OTU297	1	0	0	5.14546833210705e-09	0	3	-1.02036918685179	0
OTU298	2	47.1666666666667	94	1.72316466653045e-10	0	3	-0.502335599680883	0
OTU301	17	984.9521979998	2469703	1.69053662772885e-05	0.382352941176471	1	1.35267476709449	0
OTU302	22	350.087519798847	401014	0.0722400388931393	0.653679653679654	0	-0.153382823882065	0.165289256198347
OTU303	5	571.793411941315	186843	5.58259486234104e-08	0.3	1	-0.571696505338049	0.32
OTU305	9	337.022944288337	15263	0.0285569272668457	0.555555555555556	0	-0.808887121891568	0
OTU306	1	0	0	5.05390338283284e-47	0	53	0	0
OTU308	5	38.3220023996324	392	4.02175271474641e-07	0.4	1	-0.423667945920161	0
OTU309	1	0	0	1.28232340066919e-09	0	7	-1.18444612429575	0
OTU310	1	0	0	2.57202956053275e-05	0	0	-1.28561752044393	0
OTU311	1	0	0	8.28031530243332e-43	0	20	0	0
OTU312	1	0	0	5.05390338283284e-47	0	37	0	0
OTU313	1	0	0	5.05390338283284e-47	0	58	0	0
OTU314	4	8.25	17	5.76836203765406e-32	0	12	1	0
OTU316	9	244.106241658561	369493	1.26853304195779e-06	0.277777777777778	1	0.168446291751389	0
OTU317	3	216.134264135813	22421	0.00332560718638346	0.333333333333333	2	-0.369975849586925	0.444444444444444
OTU318	6	502.074542124542	25939	0.00453966592133296	0.0666666666666667	8	1.58113883008419	0.5
OTU319	24	259.419815152442	73257	0.081774006783101	0.590579710144927	0	0.0253910755750717	0.0798611111111109
OTU321	1	0	0	0.000175480475702136	0	15	0	0
OTU324	5	668.7	3611635	0.000213172044224814	0.4	0	-1.1068436209868	0.32
OTU325	1	0	0	8.72560391802788e-11	0	10	-0.959365501571271	0
OTU326	17	151.816547741946	14000	0.0527780674123185	0.426470588235294	0	-0.391748023158248	0.110726643598616
OTU327	1	0	0	0.00077830351195081	0	0	-1.28561752044393	0
OTU328	1	0	0	9.86191423827284e-15	0	4	-1.2924860661585	0
OTU329	2	2624	1625360	4.85325292618959e-10	0	4	-0.456171552761823	0
OTU330	53	2251.43342993359	4398757	0.151969403427257	0.324383164005806	0	1.81313007014644	0
OTU331	34	2338.58235544183	1120910	0.0927435301165611	0.440285204991087	0	0.561712773946483	0.112456747404844
OTU332	3	0.25	1	6.06809968806749e-32	0.666666666666667	12	0	0
OTU333	2	4.83207186167498	3498	0.00472494073762167	0	6	-0.912870929175277	0.5
OTU334	9	5.01332789232861	320	0.0273139634400808	0.777777777777778	0	-0.808887121891568	0
OTU336	3	42.3668287562629	536047	7.8472912137527e-05	0.666666666666667	0	-1.16643492080584	0
OTU339	1	0	0	8.28031530243332e-43	0	21	0	0
OTU341	14	1736.5142855587	2490855	6.03876301110211e-06	0.340659340659341	1	0.908589088840827	0
OTU345	1	0	0	1.77091558830702e-17	0	3	-1.02036918685179	0
OTU346	16	230.75195877405	11896	0.0486861645708944	0.325	0	-0.51093062279634	0.21875
OTU349	3	335.132435875166	6598	0.00815952254832113	0	22	0	0
OTU353	2	1	1	1.65606306048666e-42	0	25	0	0
OTU354	27	502.956334928537	631071	0.0721877456432415	0.487179487179487	0	0.263756274851255	0
OTU355	3	32	64	2.38320059154111e-05	0.666666666666667	4	0.380142960634853	0
OTU356	4	2637.85521287975	92526	0.0040875945480817	0.166666666666667	2	0.339144528788014	0.375
OTU359	3	335	6487	0.00238193559359654	0.333333333333333	9	0	0
OTU360	11	587.588727319502	1618478	0.002404481498575	0.472727272727273	0	-0.808887121891568	0.297520661157025
OTU361	2	1	1	1.65606306048666e-42	0	23	0	0
OTU363	18	6.04796017319857	286	0.0644645515503962	0.705882352941177	0	-0.272565423520157	0
OTU364	1	0	0	8.28031530243332e-43	0	27	0	0
OTU371	1	0	0	5.05390338283284e-47	0	47	0	0
OTU374	3	0.5	1	3.92745595196903e-35	0.666666666666667	14	1	0
OTU375	2	1	1	1.65606306048666e-42	0	24	0	0
OTU376	1	0	0	5.05390338283284e-47	0	39	0	0
OTU378	5	53.7486218375508	148189	4.71849033987551e-06	0.5	1	-0.423667945920161	0
OTU380	2	0	0	0.00414384357303782	1	0	-1.22602622062489	0
OTU382	5	498.255094400804	102893	0.000107634213377062	0.3	1	-0.423667945920161	0
OTU383	1	0	0	5.05390338283284e-47	0	57	0	0
OTU388	4	3585	2234847	6.52396678798013e-07	0.166666666666667	4	1.21645747403153	0
OTU390	10	309.870049773266	3735	1.63677354665016e-06	0.444444444444444	1	0.316474851169277	0
OTU393	7	73.0680629522898	122225	8.46466583601197e-06	0.714285714285714	1	-0.127610827084386	0
OTU395	3	2.25	7	5.24076118476023e-32	0	12	0	0
OTU396	2	1	1	1.65606306048666e-42	0	28	0	0
OTU397	1	0	0	5.05390338283284e-47	0	56	0	0
OTU398	1	0	0	5.05390338283284e-47	0	55	0	0
OTU400	3	21.1700621800717	284	0.000153981386175303	0.666666666666667	1	-0.719725064755936	0
OTU401	1	0	0	6.49270578186818e-16	0	3	-1.02036918685179	0
OTU403	44	155.125557614575	113866	0.162408709418379	0.677589852008457	0	1.27680837177503	0
OTU409	2	0.311421911421911	6	2.5285267602678e-07	0	1	-0.867753624173824	0
OTU411	2	335	328216	1.92503181625174e-12	0	3	-0.502335599680883	0
OTU412	23	49.6540276921584	1431	0.0789381555936634	0.624505928853755	0	0.0253910755750717	0
OTU416	3	668	82708	6.83503204753497e-09	0.333333333333333	18	0	0
OTU417	1	0	0	5.05390338283284e-47	0	53	0	0
OTU418	3	0.585115605115605	11	6.56402263064482e-07	0.333333333333333	1	-0.719725064755936	0
OTU419	3	669	95455	0.00422740919566135	0	19	0	0
OTU421	23	1085.06457615961	286909	6.79026112309312e-06	0.185770750988142	1	2.24084612360181	0
OTU422	2	0	0	1.91504444235138e-10	1	18	0	0
OTU425	9	7.1389981099715	112	1.58520605662685e-05	0.75	1	0.168446291751389	0
OTU428	5	167.074542124542	12969	0.0045362938331488	0.1	8	0	0.48
OTU429	1	0	0	8.28031530243332e-43	0	29	0	0
OTU432	1	0	0	0.00122067325056885	0	0	-1.28561752044393	0
OTU433	2	0	0	1.91504444235138e-10	1	18	0	0
OTU435	5	0	0	0.00419744231682187	1	0	-1.04725232116775	0
OTU436	1	0	0	5.05390338283284e-47	0	52	0	0
OTU438	2	1328	656612	8.7276764525233e-13	0	3	-0.502335599680883	0
OTU440	1	0	0	1.78419447079549e-39	0	11	-0.75	0
OTU442	24	13089.0167778845	16427290	0.0621567914306525	0.471014492753623	2	3.17562604228777	0.46875
OTU444	4	4.86666666666667	18	1.2630367357995e-09	0.666666666666667	3	0.533731574660938	0
OTU445	5	3.88561168049483	54	4.86723393078502e-06	0.7	1	-0.423667945920161	0
OTU446	4	41.8817226970555	632	0.00841391098616332	0.666666666666667	9	0	0
OTU449	3	0.5	1	3.92745595196903e-35	0.666666666666667	14	1	0
OTU450	1	0	0	5.05390338283284e-47	0	51	0	0
OTU451	4	1.06989908146882	10	0.00349702888507294	0.666666666666667	2	0.339144528788014	0.375
OTU456	1	0	0	7.73768650745196e-05	0	5	-1.29099444873581	0
OTU458	2	0	0	1.74578807952122e-10	1	10	-0.45146611838648	0
OTU460	6	186.889472303477	245375	5.2303070675373e-07	0.133333333333333	1	-0.275639386502273	0
OTU463	18	115.045359681678	13472	0.0582359935319292	0.42483660130719	0	-0.272565423520157	0
OTU466	2	0	0	0.00484322235918429	1	0	-1.22602622062489	0
OTU468	2	0	0	1.74578807952122e-10	1	10	-0.45146611838648	0
OTU470	8	1327	4047030	3.20398063281684e-09	0.214285714285714	10	2.08803079753747	0.21875
OTU472	1	0	0	6.77878008214467e-08	0	1	-1.01578218359171	0
OTU473	2	0	0	3.75055444824364e-10	1	7	-0.557386411433294	0
OTU474	2	0.95650623885918	9	0.000168516065426751	0	0	-1.22602622062489	0
OTU476	1	0	0	4.53599278874514e-09	0	2	-1.07909622796186	0
OTU478	1	0	0	5.05390338283284e-47	0	49	0	0
OTU479	3	995	38016	3.04761280435733e-06	0	2	0.339144528788014	0
OTU480	3	2315	1422209	1.32469936016133e-11	0	4	0.380142960634853	0
OTU483	4	2944.04166666667	8768524	1.134786517678e-07	0.166666666666667	1	-0.867753624173824	0.5
OTU487	6	669.142857142857	2261304	2.21116349978436e-07	0.333333333333333	1	-0.275639386502273	0
OTU489	4	1002	609528	3.61845947204465e-13	0	4	1.21645747403153	0
OTU490	51	402.610188618934	746759	0.151523002093718	0.35843137254902	0	1.69394747050835	0
OTU494	16	211.461533694521	11772	0.0478697040753083	0.258333333333333	0	-0.570521922615386	0.3046875
OTU496	8	1887.88777503351	2625703	1.24285364456656e-09	0.357142857142857	3	2.60586592334458	0
OTU498	6	944.845912252961	1476854	1.24081767542589e-09	0.533333333333333	3	1.56979874900276	0
OTU500	2	1	1	1.65606306048666e-42	0	29	0	0
OTU503	1	0	0	9.86191423827284e-15	0	4	-1.2924860661585	0
OTU510	3	335	5885	0.0040382427240482	0.333333333333333	2	-0.369975849586925	0.444444444444444
OTU514	3	668	24918	8.89588452434097e-06	0.333333333333333	5	0.774596669241483	0
OTU515	55	2447.10168109172	3047555	0.153232990667245	0.317845117845118	0	1.81313007014644	0.0707438016528925
OTU516	5	33.6403253126959	531	0.00433274707675727	0.5	0	-1.04725232116775	0
OTU518	2	1	1	1.65606306048666e-42	0	27	0	0
OTU520	1	0	0	1.57709119563287e-07	0	1	-1.01578218359171	0
OTU522	51	439.890161773429	747211	0.148492353777874	0.326274509803922	0	1.69394747050835	0
OTU524	2	2.75	14	0.000139948253421192	0	2	-0.369975849586925	0
OTU526	13	1387.15724606672	3342423	1.56364084904479e-05	0.474358974358974	1	0.76056052942294	0
OTU528	1	0	0	5.05390338283284e-47	0	52	0	0
OTU530	44	268.055762977476	671352	0.135236439826927	0.376321353065539	0	1.27680837177503	0
OTU531	1	0	0	5.05390338283284e-47	0	47	0	0
OTU532	1	0	0	5.05390338283284e-47	0	46	0	0
OTU534	5	12.368529537785	124	5.47796350438688e-07	0.5	1	-0.423667945920161	0
OTU536	2	0	0	8.88927170158331e-06	1	5	-0.258198889747161	0
OTU538	18	115.045359681678	13472	0.0582359935319292	0.42483660130719	0	-0.272565423520157	0
OTU539	1	0	0	5.05390338283284e-47	0	44	0	0
OTU540	1	0	0	5.05390338283284e-47	0	43	0	0
OTU544	1	0	0	8.30610284440893e-08	0	2	-1.07909622796186	0
OTU545	1	0	0	5.05390338283284e-47	0	42	0	0
OTU549	1	0	0	0.000123726124162336	0	8	-1.58113883008419	0
OTU550	2	0	0	3.06646448986026e-35	1	14	-1	0
OTU553	1	0	0	5.05390338283284e-47	0	41	0	0
OTU554	4	349.929144712428	883988	1.74348822498241e-07	0.5	1	-0.571696505338049	0
OTU557	42	637.896981720085	831385	0.151707107673658	0.660859465737515	0	1.03844317249885	0.090702947845805
OTU558	9	641.498394747795	856532	5.7865443680823e-06	0.472222222222222	1	0.168446291751389	0
OTU559	1	0	0	8.28031530243332e-43	0	25	0	0
OTU563	37	660.585563718615	1806020	0.108656881692591	0.40990990990991	0	0.74048667340362	0.10372534696859
OTU564	6	0.499821893213467	18	0.0188877852755543	0.733333333333333	0	-0.987661021348706	0
OTU565	15	562.323325125116	111889	0.0447880251055097	0.457142857142857	0	-0.451339322977294	0
OTU566	12	12.1427047353676	452	0.0253901618132315	0.333333333333333	0	-0.689704522253477	0.152777777777778
OTU568	1	0	0	5.05390338283284e-47	0	55	0	0
OTU569	1	0	0	1.78419447079549e-39	0	11	-0.75	0
OTU571	3	0.25	1	6.06809968806749e-32	0.666666666666667	12	0	0
OTU572	1	0	0	5.05390338283284e-47	0	54	0	0
OTU576	2	0.666666666666667	2	3.32629672764783e-32	0	12	-1	0
OTU577	2	335	1805817	5.8142068821176e-06	0	30	0	0
OTU578	10	1840.51056465913	5730041	2.44764646752886e-06	0.311111111111111	1	0.316474851169277	0
OTU579	2	0.809523809523809	7	0.00041351541728311	0	16	0	0
OTU582	1	0	0	5.05390338283284e-47	0	37	0	0
OTU586	54	479.308430599461	777196	0.155986294427172	0.3361285814116	0	1.87272136996549	0
OTU594	4	4.66666666666667	12	6.99486062609334e-32	0.166666666666667	12	1	0
OTU595	2	2943	1828521	1.77939437122123e-08	0	4	-0.456171552761823	0
OTU596	3	668	406352	3.61591839465067e-13	0.333333333333333	4	0.380142960634853	0
OTU601	4	19.4573728203317	194	7.92316685629039e-08	0.166666666666667	1	-0.571696505338049	0
OTU602	8	161.897429794104	555270	1.39989323768828e-06	0.678571428571429	1	0.0204177323335018	0
OTU604	2	8.99103380057529	457	0.00133834704408782	0	16	0	0
OTU606	3	0	0	3.99085223819295e-07	1	1	-0.719725064755936	0
OTU609	1	0	0	5.05390338283284e-47	0	57	0	0
OTU610	1	0	0	1.74283269745982e-32	0	12	-2	0
OTU611	9	280.530926363208	866933	1.20536735504811e-05	0.555555555555556	1	0.168446291751389	0
OTU613	3	7.21921474931456	319	0.0057812276418034	0.333333333333333	0	-1.16643492080584	0
OTU617	4	223.204751087873	25276	0.00502815528310842	0.5	13	0	0
OTU621	1	0	0	5.05390338283284e-47	0	34	0	0
OTU626	51	439.890161773429	747211	0.148492353777874	0.326274509803922	0	1.69394747050835	0
OTU627	9	217.667868031742	677622	1.72886178164535e-06	0.5	1	0.168446291751389	0
OTU631	1	0	0	5.05390338283284e-47	0	46	0	0
OTU632	1	0	0	2.93351191134825e-06	0	1	-1.01578218359171	0
OTU634	44	334.421879986263	685768	0.157913537754995	0.649048625792812	0	1.27680837177503	0
OTU638	1	0	0	5.05390338283284e-47	0	32	0	0
OTU641	1	0	0	5.05390338283284e-47	0	48	0	0
OTU651	5	1657.47312612643	1859955	4.70500416152219e-08	0.3	7	0.696733014291618	0.32
OTU662	24	208.397871120092	180325	0.0768035469408482	0.590579710144927	0	-0.034200224243974	0.152777777777778
OTU664	7	25.2415196310433	22916	0.0143549400216829	0.380952380952381	0	-0.987661021348706	0.244897959183674
OTU666	52	4414.47692001769	1125175	0.1459276923383	0.330316742081448	0	1.51517357105121	0.144230769230769
OTU668	7	434.378677833708	784527	0.000943709747751852	0.523809523809524	0	-0.92806972152966	0
OTU672	4	23.3741556120214	216	1.00617277586541e-06	0.666666666666667	1	-0.571696505338049	0
OTU674	2	719.976257601532	1148191	3.87354983637613e-08	0	1	-0.867753624173824	0
OTU675	17	139.874232545105	19077	0.058643219438407	0.580882352941177	0	-0.332156723339203	0
OTU680	15	3925.64066341473	6635969	1.70962126364021e-06	0.142857142857143	1	0.908589088840827	0.124444444444444
OTU685	7	45.1855938123676	43884	0.00633922119031949	0.666666666666667	0	-0.92806972152966	0
OTU688	1	0	0	5.05390338283284e-47	0	43	0	0
OTU690	1	0	0	8.28031530243332e-43	0	24	0	0
OTU691	1	0	0	1.58463044405463e-07	0	30	0	0
OTU693	2	0.311421911421911	6	2.5285267602678e-07	0	1	-0.867753624173824	0
OTU694	5	372.784470456637	119634	0.00428313916624023	0.5	2	-0.369975849586925	0.64
OTU698	6	13.3737726737149	196	0.0159542982537339	0.666666666666667	0	-0.987661021348706	0
OTU699	1	0	0	1.78419447079549e-39	0	11	-0.75	0
OTU706	1	0	0	0.0001100601078218	0	2	-1.07909622796186	0
OTU711	1	0	0	8.28031530243332e-43	0	26	0	0
OTU713	2	0.4	2	0.000247360343896427	0	8	0	0
OTU716	1	0	0	4.53599278874514e-09	0	2	-1.07909622796186	0
OTU721	1	0	0	4.53599278874514e-09	0	2	-1.07909622796186	0
OTU723	1	0	0	6.02640652561673e-09	0	1	-1.01578218359171	0
OTU729	2	0	0	1.74578807952122e-10	1	10	-0.45146611838648	0
OTU731	3	9.50218857371364	40756	2.50476422272359e-07	0.333333333333333	1	-0.719725064755936	0
OTU734	3	54.9005505879306	9493	0.00173529446442741	0.666666666666667	1	-0.867753624173824	0.444444444444444
OTU736	4	2.38871128871129	26	4.66873024640742e-07	0.5	1	-0.571696505338049	0
OTU746	2	335	12460	2.42632720362654e-07	0	5	-0.258198889747161	0
OTU753	16	814.874518183242	43420	0.0504474676066549	0.233333333333333	0	-0.51093062279634	0.21875
OTU756	2	0	0	1.33912366702132e-08	1	1	-0.867753624173824	0
OTU758	52	3390.82945808278	6508632	0.144471738642368	0.337858220211161	0	1.69394747050835	0.0377218934911243
OTU759	23	266.173556838066	80720	0.0765021366166527	0.648221343873518	0	0.0253910755750717	0
OTU764	9	3.9696099651982	23	1.85282942491033e-05	0.694444444444444	1	0.168446291751389	0
OTU768	1	0	0	9.98932362655872e-17	0	3	-1.02036918685179	0
OTU770	2	3	3	2.52323201852665e-39	0	11	0.5	0
OTU786	10	373.433588470263	250204	0.0155516190287875	0.422222222222222	0	-0.749295822072523	0
OTU788	4	4.66666666666667	12	6.99486062609334e-32	0.166666666666667	12	1	0
OTU797	3	111.198226068313	143652	9.13432303060938e-07	0.333333333333333	1	-0.719725064755936	0
OTU805	1	0	0	5.05390338283284e-47	0	42	0	0
OTU811	17	152.140592719553	22210	0.0571674340145605	0.448529411764706	0	-0.391748023158248	0.110726643598616
OTU817	2	0	0	8.97693861251295e-11	1	10	-0.45146611838648	0
OTU822	1	0	0	5.05390338283284e-47	0	36	0	0
OTU827	4	3.43542911568581	160	0.00650034362959849	0.666666666666667	2	0.339144528788014	0.375
OTU839	1	0	0	6.4918358346017e-05	0	9	0	0
OTU843	2	0	0	9.07809687233938e-11	1	7	-0.557386411433294	0
OTU861	2	0	0	1.01311064721187e-14	1	4	-0.456171552761823	0
OTU865	6	844.805369484317	920204	1.67101297362899e-09	0.333333333333333	7	1.95085244001653	0
OTU868	3	0	0	6.7073278233598e-07	1	4	0.380142960634853	0
OTU878	1	0	0	5.05390338283284e-47	0	41	0	0
OTU890	1	0	0	5.05390338283284e-47	0	50	0	0
OTU914	1	0	0	5.05390338283284e-47	0	49	0	0
OTU921	22	206.452978723326	15598	0.0606854440962711	0.406926406926407	0	-0.0937915240630198	0.0867768595041321
OTU930	7	8.57828279139349	122	8.73192683244487e-06	0.761904761904762	1	-0.127610827084386	0
OTU953	7	994	3372523	3.2015322450293e-09	0.238095238095238	10	1.58013141435268	0.244897959183674
OTU958	1	0	0	0.000341308834076635	0	0	-1.28561752044393	0
OTU968	9	86.7017034503955	4014	0.0191915859441532	0.472222222222222	8	0	0.345679012345679
OTU973	1	0	0	8.28031530243332e-43	0	23	0	0
OTU990	1	0	0	5.05390338283284e-47	0	51	0	0
OTU1064	23	686.12832957513	27215	0.0789173605138934	0.58498023715415	0	-0.0937915240630198	0.158790170132325
OTU1154	2	0	0	0.00805560880128388	1	0	-1.22602622062489	0
OTU1222	23	8137.35835453901	11155290	0.026082453300757	0.284584980237154	0	-0.034200224243974	0.0831758034026464