Name	"node.degree"	"node.betw"	"node.stress"	"node.evcent"	"Clustering.Coefficient"	No. module	Zi	Pi
OTU1	1	0	0	9.97282871851577e-192	0	68	0	0
OTU2	18	721.16574082142	11495	0.0783712756883829	0.444444444444444	1	1.58295937050311	0
OTU3	9	419.29740827523	4253	0.0182322712143019	0.472222222222222	0	-0.156008411114992	0
OTU4	20	1754.23484342301	33709	0.066074304453289	0.305263157894737	0	1.56008411114992	0
OTU5	1	0	0	0.000341851392882505	0	3	-0.95044501414183	0
OTU6	14	316.905188290571	4703	0.0321629422355029	0.450549450549451	0	0.624033644459968	0
OTU7	8	269.367778129248	3750	0.043799481790357	0.428571428571429	0	-0.312016822229984	0
OTU8	2	963	10068	0.000367030878604392	0	16	-1	0.5
OTU9	13	1802.14121877184	22766	0.0392164862952902	0.397435897435897	0	0.156008411114992	0.272189349112426
OTU10	10	1454.63704001543	14037	0.0228310302982243	0.377777777777778	0	-0.156008411114992	0.18
OTU11	2	2	2	7.5573260173001e-159	0	17	1	0
OTU12	23	1358.95440533875	24209	0.12606885240839	0.450592885375494	1	2.37443905575466	0
OTU13	10	647.354478699812	6871	0.0477503336600253	0.533333333333333	1	0.316591874100622	0
OTU14	2	1	1	6.02820506620399e-168	0	30	0	0
OTU15	7	2565.66147360074	18448	0.00630314848731665	0.285714285714286	0	-0.936050466689952	0.612244897959184
OTU17	5	444.461959584969	4529	0.0081322686509015	0.3	1	-0.474887811150932	0
OTU18	19	4965.67728042535	54800	0.0932035610675616	0.274853801169591	0	1.09205887780494	0.188365650969529
OTU20	19	974.361934810858	19207	0.103743383761364	0.467836257309941	1	1.74125530755342	0
OTU21	3	418.845587824264	2329	0.0128475451149384	0	12	0.816496580927727	0.444444444444444
OTU23	1	0	0	2.15921951445977e-09	0	2	-1.27097781860449	0
OTU24	3	73.7044219495506	553	0.0037011473280721	0.333333333333333	0	-1.09205887780494	0
OTU25	14	1637.68114313001	19974	0.0393842703496136	0.318681318681319	0	0.624033644459968	0
OTU26	7	693.514324270887	5995	0.00638863032669724	0.380952380952381	0	-0.468025233344976	0
OTU27	5	2392.29684998405	23399	0.00269007970064399	0.1	0	-0.936050466689952	0.32
OTU28	1	0	0	9.97282871851577e-192	0	56	0	0
OTU29	1	0	0	4.28514756877744e-06	0	4	-0.854704323447284	0
OTU30	11	2754.95945973004	24198	0.0236023107853966	0.254545454545455	0	-0.156008411114992	0.297520661157025
OTU32	1	0	0	9.97282871851577e-192	0	34	0	0
OTU33	2	323	4613	3.50437204507916e-08	0	2	-0.242091013067521	0
OTU34	14	454.074023743206	5355	0.0884401468189444	0.582417582417582	0	0.624033644459968	0
OTU36	3	1595	23045	0.000147544789750214	0.333333333333333	2	0.786795792469443	0
OTU38	1	0	0	9.97282871851577e-192	0	67	0	0
OTU39	19	1929.00795668055	28578	0.111825626996557	0.456140350877193	1	1.4246634334528	0.193905817174515
OTU40	6	972.525280793375	14356	0.0217773616573019	0.466666666666667	1	-0.474887811150932	0.277777777777778
OTU41	1	0	0	9.97282871851577e-192	0	58	0	0
OTU43	16	1493.11184162274	12752	0.0513303893761925	0.341666666666667	0	0.936050466689952	0
OTU44	1	0	0	9.97282871851577e-192	0	53	0	0
OTU45	12	454.780174948881	7163	0.0741388314273175	0.515151515151515	0	0.156008411114992	0.152777777777778
OTU46	6	184.475935286209	2417	0.0476020123165826	0.4	0	-0.936050466689952	0.5
OTU47	4	378.854031986066	3759	0.00166287770919561	0.333333333333333	3	0.316815004713943	0
OTU48	3	1385.38087259501	9479	0.000395106922558116	0	5	-0.282842712474619	0.444444444444444
OTU49	2	644	6714	2.27011259251346e-05	0	16	1	0
OTU50	27	4404.4856443889	61822	0.205530839597377	0.316239316239316	0	1.8721009333799	0.323731138545953
OTU51	10	852.191896062104	11523	0.0249276388366942	0.311111111111111	1	0.316591874100622	0
OTU52	1	0	0	9.97282871851577e-192	0	41	0	0
OTU53	1	0	0	0.000100351311432905	0	10	-1.4142135623731	0
OTU54	4	26.7421341750262	137	0.00104660607991392	0.5	0	-0.936050466689952	0
OTU55	4	161.797475895171	1691	0.00376263425178877	0.5	3	0.316815004713943	0
OTU56	3	341.192603398354	2987	0.00105777822184282	0	21	0	0
OTU58	3	70.1922471310001	388	0.00044250552328565	0.333333333333333	0	-1.09205887780494	0
OTU59	1	0	0	3.014102533102e-168	0	26	0	0
OTU61	18	755.36257569479	15251	0.105822147800524	0.483660130718954	1	1.58295937050311	0
OTU62	3	21.4184838668539	358	0.0096106683468289	0.666666666666667	14	-1	0.444444444444444
OTU63	21	3197.4162002443	51638	0.175438647921297	0.395238095238095	0	1.71609252226491	0
OTU64	22	2153.80216493603	28446	0.074392389565377	0.303030303030303	1	1.74125530755342	0.235537190082645
OTU65	21	914.38350136151	17066	0.163346303916764	0.452380952380952	0	1.56008411114992	0.090702947845805
OTU66	4	786.533876480289	10472	0.00722821291664695	0.333333333333333	2	-0.242091013067521	0.5
OTU67	7	1834.34139424847	18959	0.00593413995444497	0.142857142857143	0	-0.624033644459968	0.244897959183674
OTU68	3	1283	18443	9.16066339917157e-06	0	2	0.786795792469443	0
OTU69	8	1618.42095573238	15993	0.0135141402468933	0.321428571428571	0	-0.624033644459968	0.375
OTU70	2	10.5	12	0.00039418757215055	0	2	-0.242091013067521	0
OTU71	2	0	0	0.000505441725397034	1	4	-0.113960576459638	0
OTU72	10	78.6856966252946	805	0.0338737976392871	0.533333333333333	1	0.316591874100622	0
OTU73	8	172.244605722759	2222	0.0236494034261988	0.678571428571429	0	-0.312016822229984	0
OTU75	11	1427.84091357419	17690	0.0333833406938023	0.272727272727273	0	0.156008411114992	0
OTU76	1	0	0	3.72077146170106e-06	0	1	-1.10807155935218	0
OTU77	1	0	0	0.00079160174126034	0	12	-1.22474487139159	0
OTU79	15	1160.5092864168	14120	0.0454498254077394	0.4	1	1.10807155935218	0
OTU80	1	0	0	9.97282871851577e-192	0	68	0	0
OTU81	16	1991.07050595644	26165	0.137126043827259	0.475	0	0.936050466689952	0
OTU82	1	0	0	9.97282871851577e-192	0	56	0	0
OTU83	9	1004.20883469166	13483	0.0332846240093506	0.416666666666667	1	0.158295937050311	0
OTU84	1	0	0	3.014102533102e-168	0	30	0	0
OTU86	4	219.043460047271	6453	0.00671540161433052	0.5	0	-1.09205887780494	0.375
OTU88	2	39.7374442744663	106	8.87851779204235e-06	0	2	-0.242091013067521	0
OTU89	14	1380.11651280991	17381	0.0603594857239294	0.32967032967033	0	0.312016822229984	0.255102040816327
OTU92	1	0	0	9.0907249745593e-06	0	2	-1.27097781860449	0
OTU93	1	0	0	0.000126843650493057	0	1	-1.10807155935218	0
OTU94	12	1668.66268839235	14001	0.0190614061969384	0.363636363636364	1	0.474887811150932	0.152777777777778
OTU95	2	3	3	3.27571586407464e-154	0	15	0.816496580927727	0
OTU98	6	302.967283564366	4609	0.0194667527952601	0.333333333333333	3	-0.105605001571314	0.5
OTU102	1	0	0	0.00294213773458646	0	1	-1.10807155935218	0
OTU104	2	0	0	4.15219051429815e-05	1	4	-0.113960576459638	0
OTU105	2	0	0	4.13733221955361e-05	1	1	-0.949775622301865	0
OTU107	2	2219	24456	0.00033707920915636	0	6	-0.447213595499958	0
OTU108	3	123.575980787305	2108	8.94873026005036e-06	0	2	0.786795792469443	0
OTU109	3	272.270386949466	1524	0.00473862486180511	0.333333333333333	7	0	0.444444444444444
OTU110	9	266.415172109982	5020	0.0702189423857952	0.527777777777778	0	-0.312016822229984	0.197530864197531
OTU111	7	3838.5025328454	45013	0.0214013777184449	0.333333333333333	0	-0.936050466689952	0.489795918367347
OTU112	29	2732.11984467255	42932	0.215736153284326	0.332512315270936	0	2.96415981118485	0
OTU113	19	3598.85991996879	38075	0.0866165150251054	0.269005847953216	0	1.24806728891994	0.0997229916897509
OTU114	8	667.473107221928	6979	0.0103081587278074	0.392857142857143	1	0	0
OTU116	3	1767.86680177002	16905	0.00179421758654379	0	2	-0.242091013067521	0.444444444444444
OTU117	1	0	0	0.000230022652638775	0	32	0	0
OTU118	2	711.705359396369	3494	0.000373576951642805	0	2	-0.242091013067521	0
OTU120	14	317.653319176119	4609	0.053761158162142	0.43956043956044	1	0.949775622301865	0
OTU121	2	526.619250475334	3456	0.000478584071261286	0	4	-0.113960576459638	0
OTU123	3	323	2814	3.96296261971962e-07	0.333333333333333	2	0.786795792469443	0
OTU124	2	0	0	0.000458122235280002	1	0	-1.24806728891994	0
OTU126	8	927.812339703235	7898	0.0334822997618883	0.285714285714286	0	-0.468025233344976	0.21875
OTU127	25	4550.60162960088	79981	0.209419673227046	0.353333333333333	0	0.936050466689952	0.4608
OTU129	2	0	0	0.00219536664670357	1	3	-0.95044501414183	0.5
OTU130	17	1415.82459439242	19679	0.0836797707602824	0.404411764705882	1	1.10807155935218	0.214532871972318
OTU132	3	1280	11244	9.67908078447703e-05	0.333333333333333	2	0.786795792469443	0
OTU134	6	320.376694119158	4590	0.0109685851201262	0.2	1	-0.474887811150932	0.277777777777778
OTU135	1	0	0	0.00112338174421601	0	0	-1.40407570003493	0
OTU137	5	2956.51086393858	20036	0.00517614909976834	0.2	9	-0.894427190999916	0.64
OTU138	1	0	0	4.67068434275534e-159	0	19	-1	0
OTU139	4	6.92532833679926	201	0.0111750173808575	0.666666666666667	1	-0.791479685251554	0.375
OTU140	3	52.5634976047558	406	0.0067676826783131	0.666666666666667	0	-1.09205887780494	0
OTU142	2	0	0	1.61151777968794e-06	1	5	-0.282842712474619	0
OTU143	10	103.227841133563	4097	0.0352491715466761	0.4	1	0.316591874100622	0
OTU144	4	645	8317	0.000737350446652364	0.166666666666667	1	-0.633183748201243	0
OTU145	20	566.352765056449	14270	0.168833757048768	0.457894736842105	0	1.56008411114992	0
OTU146	9	3383.05183473023	33293	0.0288736888839685	0.222222222222222	0	-0.624033644459968	0.444444444444444
OTU147	5	251.777148706104	3773	0.00777280316866222	0.3	1	-0.633183748201243	0.32
OTU148	26	1060.66990494497	22178	0.15756837973744	0.387692307692308	1	2.53273499280497	0.142011834319526
OTU151	2	323	2549	0.000110972046819647	0	2	-0.242091013067521	0
OTU155	3	151.52944697198	697	0.000103998338254135	0.333333333333333	1	-0.791479685251554	0
OTU157	1	0	0	1.63785793203732e-154	0	15	-1.22474487139159	0
OTU158	16	2002.27996085531	21555	0.109380062148074	0.35	0	0.624033644459968	0.2265625
OTU159	1	0	0	9.97282871851577e-192	0	53	0	0
OTU161	19	1214.52603412538	23603	0.159322402433156	0.450292397660819	0	0.468025233344976	0.45983379501385
OTU162	16	1644.22384737776	20799	0.107396461696058	0.425	1	0.791479685251554	0.3203125
OTU163	1	0	0	3.014102533102e-168	0	24	0	0
OTU164	29	5154.83738720689	85277	0.208007769046062	0.332512315270936	1	1.74125530755342	0.489892984542212
OTU165	2	0	0	9.6441847751131e-05	1	2	-0.242091013067521	0
OTU170	10	551.945074000391	9024	0.0315302772854478	0.4	3	2.00649502985497	0.32
OTU171	1	0	0	3.014102533102e-168	0	31	0	0
OTU172	1	0	0	9.97282871851577e-192	0	63	0	0
OTU173	1	0	0	2.44178018591822e-08	0	2	-1.27097781860449	0
OTU178	7	1709.08826654071	17562	0.00769778097090009	0.142857142857143	4	2.84901441149095	0.244897959183674
OTU179	7	659.704564084347	6407	0.0165825248343144	0.523809523809524	0	-0.624033644459968	0.244897959183674
OTU182	5	1153.38027822737	9852	0.000611093708999332	0.2	1	-0.474887811150932	0
OTU184	3	595.824919900804	3391	0.000604345465406866	0.333333333333333	4	-0.113960576459638	0.444444444444444
OTU185	2	2	2	7.5573260173001e-159	0	20	1	0
OTU186	23	1434.78472257948	21148	0.1581254635462	0.355731225296443	0	2.0281093444949	0
OTU187	6	374.261336848563	3292	0.00737910482760768	0.333333333333333	0	-0.78004205557496	0.277777777777778
OTU188	24	1921.74772615868	29159	0.196327869199421	0.391304347826087	0	1.8721009333799	0.152777777777778
OTU189	15	182.189900025247	3977	0.0938768369680378	0.523809523809524	1	1.10807155935218	0
OTU190	1	0	0	7.66343380780529e-08	0	9	-0.894427190999916	0
OTU192	2	0	0	0.000286376126225748	1	0	-1.24806728891994	0
OTU194	11	1765.83336918907	22938	0.0440984331051485	0.345454545454545	3	1.58407502356972	0.462809917355372
OTU195	2	2	2	7.5573260173001e-159	0	19	1	0
OTU196	3	963	8436	6.01251578472945e-06	0.333333333333333	2	0.786795792469443	0
OTU197	16	1116.12966050808	14712	0.0523453190197103	0.425	1	1.26636749640249	0
OTU199	5	127.881190476501	1767	0.0161636287061706	0.6	0	-1.09205887780494	0.48
OTU201	3	29.0564214883856	293	0.00214946974731906	0.666666666666667	5	-1.55563491861041	0.444444444444444
OTU203	1	0	0	0.000902367608104571	0	4	-0.854704323447284	0
OTU204	1	0	0	0.00177905290012499	0	0	-1.40407570003493	0
OTU206	2	1	1	6.02820506620399e-168	0	28	0	0
OTU208	1	0	0	1.17778692757865e-07	0	8	-1.3228756555323	0
OTU210	2	208.116326905002	2527	8.39297784838341e-06	0	2	-0.242091013067521	0
OTU211	1	0	0	9.97282871851577e-192	0	51	0	0
OTU213	20	2619.05155946632	44291	0.129689903583143	0.431578947368421	1	1.4246634334528	0.255
OTU215	1	0	0	0.00519090442330315	0	1	-1.10807155935218	0
OTU216	3	48.0036771225938	645	0.00217885075734737	0.666666666666667	1	-0.791479685251554	0
OTU217	1	0	0	4.76093222497226e-07	0	10	-1.4142135623731	0
OTU218	9	1036.62132054517	13550	0.0293679208328099	0.388888888888889	1	-0.158295937050311	0.345679012345679
OTU219	2	3	3	3.27571586407464e-154	0	15	0.816496580927727	0
OTU220	4	161	3062	1.49185022977997e-06	0.666666666666667	6	0.894427190999916	0
OTU221	1	0	0	4.67068434275534e-159	0	17	-1	0
OTU222	5	455.636911990567	5538	0.0195133238604521	0.4	4	-0.113960576459638	0.48
OTU223	1	0	0	1.63785793203732e-154	0	15	-1.22474487139159	0
OTU225	1	0	0	0.000113980216379334	0	7	-1.41421356237309	0
OTU226	20	905.52786973057	19542	0.178747927865841	0.505263157894737	0	1.09205887780494	0.265
OTU227	1	0	0	9.97282871851577e-192	0	48	0	0
OTU228	2	1	1	6.02820506620399e-168	0	24	0	0
OTU229	1	0	0	9.97282871851577e-192	0	47	0	0
OTU231	5	462.56345989723	5392	0.0146452539847282	0.2	4	-0.113960576459638	0.48
OTU232	1	0	0	5.15032265215011e-07	0	2	-1.27097781860449	0
OTU233	3	1284	12136	6.38955398740796e-07	0	11	1.83711730708738	0
OTU234	1	0	0	9.97282871851577e-192	0	45	0	0
OTU239	5	1.69166666666667	9	0.008219525924456	0.9	3	0.739235010999201	0
OTU241	1	0	0	9.97282871851577e-192	0	59	0	0
OTU246	12	80.9550679764254	1617	0.0766337834749367	0.560606060606061	0	0.312016822229984	0
OTU247	1	0	0	9.97282871851577e-192	0	42	0	0
OTU248	4	464.430579455503	2955	6.03874103789532e-05	0.166666666666667	1	-0.791479685251554	0.375
OTU249	7	60.2276653890088	939	0.0157113494019605	0.428571428571429	1	-0.474887811150932	0.408163265306122
OTU253	1	0	0	4.67068434275534e-159	0	19	-1	0
OTU254	2	0	0	4.4262570417095e-05	1	7	0	0
OTU255	19	1063.35359268899	21531	0.14726026041742	0.35672514619883	0	0	0.542936288088643
OTU256	2	1908	18186	0.000166383398321453	0	11	-1.02062072615966	0.5
OTU257	14	1698.063502656	21012	0.064204940072867	0.285714285714286	1	0.474887811150932	0.357142857142857
OTU258	4	1788.8972095261	16142	0.00592793467770186	0	2	0.786795792469443	0.375
OTU259	1	0	0	3.014102533102e-168	0	25	0	0
OTU260	4	88.6491079384159	1238	0.00596389994090882	0.666666666666667	1	-0.791479685251554	0.375
OTU261	2	2	2	7.5573260173001e-159	0	18	1	0
OTU263	1	0	0	9.97282871851577e-192	0	40	0	0
OTU271	5	645	6127	1.49185022977997e-06	0.3	6	1.56524758424985	0
OTU272	10	31.5672854040316	1006	0.0817643047364058	0.644444444444444	0	0	0
OTU273	1	0	0	9.97282871851577e-192	0	44	0	0
OTU275	2	2	2	7.5573260173001e-159	0	19	1	0
OTU276	1	0	0	2.32880373913749e-06	0	1	-1.10807155935218	0
OTU278	16	394.798144343846	6135	0.0842473876413005	0.441666666666667	1	1.26636749640249	0
OTU279	2	0	0	0.00115475100294351	1	1	-0.949775622301865	0
OTU281	1	0	0	9.97282871851577e-192	0	39	0	0
OTU283	3	323	5437	0.00162868262392563	0.333333333333333	10	0.707106781186548	0.444444444444444
OTU284	3	9.25927321592898	109	0.00802167487206599	0.666666666666667	1	-0.791479685251554	0
OTU286	1	0	0	9.97282871851577e-192	0	39	0	0
OTU287	4	1908	14280	0.00755200331116603	0.333333333333333	8	0	0.5
OTU288	12	811.916769202553	10745	0.0350586788531407	0.363636363636364	1	0.633183748201243	0
OTU289	1	0	0	3.014102533102e-168	0	29	0	0
OTU291	2	4	4	1.90121495793317e-137	0	13	0	0
OTU292	1	0	0	9.97282871851577e-192	0	47	0	0
OTU293	5	431.013725988516	4245	0.00121201076990818	0.3	1	-0.474887811150932	0
OTU294	1	0	0	9.97282871851577e-192	0	55	0	0
OTU295	3	709.646228820531	7450	0.00218676844039235	0.333333333333333	2	-0.242091013067521	0.444444444444444
OTU296	1	0	0	0.00139916106805952	0	12	-1.22474487139159	0
OTU297	6	2619.75141414141	37011	0.00223792237211553	0.2	2	2.84456940354337	0.277777777777778
OTU303	5	1328.16600002616	10808	0.0100426815925654	0.3	1	-0.791479685251554	0.48
OTU306	1	0	0	3.014102533102e-168	0	23	0	0
OTU307	1	0	0	9.97282871851577e-192	0	36	0	0
OTU308	16	2000.48903936942	27558	0.11059148288084	0.483333333333333	0	0.78004205557496	0.1171875
OTU309	5	497.428041637789	7111	0.0128268494158124	0.5	1	-0.633183748201243	0.32
OTU310	1	0	0	9.97282871851577e-192	0	43	0	0
OTU313	1	0	0	9.97282871851577e-192	0	54	0	0
OTU314	2	0	0	1.83840761698398e-07	1	6	-0.447213595499958	0
OTU315	19	493.746457839806	18042	0.0854860559588267	0.39766081871345	1	1.74125530755342	0
OTU316	20	486.391545129868	12192	0.137537939618241	0.521052631578947	1	1.74125530755342	0.0950000000000001
OTU318	2	1	1	6.02820506620399e-168	0	25	0	0
OTU319	2	22.6329967606853	154	0.000519838712597758	0	21	0	0
OTU322	2	1	1	6.02820506620399e-168	0	26	0	0
OTU325	14	573.833761589854	9793	0.113703158104	0.505494505494505	0	-0.312016822229984	0.571428571428571
OTU328	2	1	1	6.02820506620399e-168	0	23	0	0
OTU333	3	7.7459991902053	172	0.00854857601307913	0.666666666666667	1	-0.791479685251554	0
OTU336	3	644	3932	2.45431080885082e-05	0.333333333333333	5	0.989949493661167	0
OTU339	5	1561.57216116639	12820	0.000135147918281506	0	2	2.84456940354337	0
OTU340	1	0	0	2.43498124540872e-09	0	11	-1.02062072615966	0
OTU341	2	115.997148472219	515	0.000438240769327344	0	3	-0.95044501414183	0.5
OTU343	2	301.834879379743	1491	0.000394776475825783	0	1	-1.10807155935218	0.5
OTU344	1	0	0	9.97282871851577e-192	0	57	0	0
OTU345	20	633.252777051368	13590	0.121903256588554	0.405263157894737	1	1.74125530755342	0.0950000000000001
OTU347	15	3238.1046023603	40219	0.0876720481000712	0.485714285714286	1	0.949775622301865	0.124444444444444
OTU349	12	681.656040431331	7162	0.0204010036256145	0.318181818181818	0	0.156008411114992	0.152777777777778
OTU351	1	0	0	4.67068434275534e-159	0	20	-1	0
OTU353	1	0	0	3.014102533102e-168	0	24	0	0
OTU358	2	0	0	0.00156823705282368	1	7	-1.41421356237309	0.5
OTU362	1	0	0	9.97282871851577e-192	0	36	0	0
OTU363	10	1767.85959716994	33301	0.0243129927048503	0.311111111111111	0	-0.312016822229984	0.32
OTU364	1	0	0	3.014102533102e-168	0	23	0	0
OTU365	2	23.8593300478581	152	0.000839245389752716	0	3	-0.95044501414183	0.5
OTU367	1	0	0	9.97282871851577e-192	0	34	0	0
OTU372	2	2.47848484848485	15	0.00046965435382415	0	2	-0.242091013067521	0
OTU374	1	0	0	2.43498124540872e-09	0	11	-1.02062072615966	0
OTU376	2	644	9224	5.66593672343633e-07	0	2	-0.242091013067521	0
OTU378	8	106.183199873015	1922	0.0202100829758527	0.535714285714286	1	0	0
OTU382	7	1712.07616349225	16748	0.00856636667201801	0.428571428571429	1	-0.158295937050311	0
OTU383	15	344.597051469046	4407	0.120870946717915	0.466666666666667	0	0.78004205557496	0
OTU384	2	2.91747622528659	38	0.00146221555639155	0	0	-1.24806728891994	0
OTU385	1	0	0	3.014102533102e-168	0	25	0	0
OTU386	1	0	0	9.97282871851577e-192	0	42	0	0
OTU389	1	0	0	6.83754481511951e-06	0	2	-1.27097781860449	0
OTU390	6	124.173415290778	1021	0.0187165130246417	0.333333333333333	0	-0.624033644459968	0
OTU391	1	0	0	9.97282871851577e-192	0	35	0	0
OTU392	1	0	0	9.97282871851577e-192	0	66	0	0
OTU393	2	323	4240	0.00205864822789489	0	1	-0.949775622301865	0
OTU394	1	0	0	9.97282871851577e-192	0	65	0	0
OTU396	1	0	0	9.97282871851577e-192	0	64	0	0
OTU397	12	1314.54378372853	11850	0.0366166450740733	0.318181818181818	3	2.00649502985497	0.486111111111111
OTU401	1	0	0	9.97282871851577e-192	0	62	0	0
OTU402	2	0	0	5.56923052718995e-06	1	5	-0.282842712474619	0
OTU407	1	0	0	0.00153591695042622	0	1	-1.10807155935218	0
OTU408	1	0	0	9.97282871851577e-192	0	61	0	0
OTU409	1	0	0	5.64434452829174e-07	0	2	-1.27097781860449	0
OTU410	9	1527.70863205388	15287	0.044093627275843	0.222222222222222	0	-0.624033644459968	0.444444444444444
OTU411	6	3.23155804651498	70	0.0336907186887063	0.666666666666667	1	-0.316591874100622	0
OTU414	1	0	0	4.54318620739204e-05	0	1	-1.10807155935218	0
OTU416	2	1	1	6.02820506620399e-168	0	29	0	0
OTU418	1	0	0	9.97282871851577e-192	0	60	0	0
OTU419	1	0	0	0.00526722499573446	0	1	-1.10807155935218	0
OTU421	11	106.926597904496	3130	0.0699116018132876	0.690909090909091	1	0.474887811150932	0
OTU423	1	0	0	8.53202389274372e-138	0	13	-1.73205080756888	0
OTU426	1	0	0	9.1920380849199e-08	0	6	-1.11803398874989	0
OTU427	1	0	0	9.97282871851577e-192	0	59	0	0
OTU428	1	0	0	0.000341851392882505	0	3	-0.95044501414183	0
OTU432	1	0	0	2.08515391472334e-05	0	3	-0.95044501414183	0
OTU435	2	0	0	4.58993893642885e-137	1	13	0	0
OTU436	1	0	0	4.67068434275534e-159	0	20	-1	0
OTU437	3	323	2378	0.00248945443932425	0.333333333333333	0	-1.09205887780494	0
OTU438	1	0	0	0.000501069890616685	0	1	-1.10807155935218	0
OTU439	1	0	0	9.97282871851577e-192	0	57	0	0
OTU440	1	0	0	0.00205083275390921	0	1	-1.10807155935218	0
OTU441	1	0	0	3.014102533102e-168	0	26	0	0
OTU443	6	2.52886841149036	49	0.0373030634307079	0.733333333333333	1	-0.316591874100622	0
OTU444	14	472.996325285593	7328	0.0623396799584141	0.340659340659341	1	0.791479685251554	0.13265306122449
OTU445	2	1	1	6.02820506620399e-168	0	31	0	0
OTU447	1	0	0	9.97282871851577e-192	0	62	0	0
OTU452	2	323	2532	8.35887532667932e-06	0	2	-0.242091013067521	0
OTU456	1	0	0	9.97282871851577e-192	0	55	0	0
OTU457	1	0	0	9.97282871851577e-192	0	54	0	0
OTU458	5	20.4816510866041	314	0.0498131599569903	0.8	0	-0.78004205557496	0
OTU460	11	483.911621217919	6766	0.0406507167403602	0.381818181818182	0	0	0.165289256198347
OTU461	4	1908	16854	0.00146844196698585	0.333333333333333	2	0.786795792469443	0.375
OTU463	19	1158.09976176194	18293	0.112644172999528	0.35672514619883	0	1.40407570003493	0
OTU464	1	0	0	9.97282871851577e-192	0	52	0	0
OTU468	17	515.627463131558	7201	0.106412341511613	0.426470588235294	0	0.936050466689952	0.110726643598616
OTU470	1	0	0	9.97282871851577e-192	0	63	0	0
OTU472	19	1177.41554961783	16890	0.150335892137088	0.415204678362573	0	0.936050466689952	0.265927977839335
OTU475	3	645	9291	0.000338416498956067	0	3	-0.105605001571314	0
OTU476	1	0	0	0.00395598862772985	0	1	-1.10807155935218	0
OTU477	3	1	2	0.00349032787632048	0.666666666666667	14	1	0.444444444444444
OTU483	2	0	0	0.0132897817033383	1	0	-1.24806728891994	0
OTU484	1	0	0	9.97282871851577e-192	0	67	0	0
OTU487	9	60.1301087073375	3008	0.0567339624415309	0.583333333333333	1	-0.158295937050311	0.345679012345679
OTU488	2	644	9500	0.00134694560665836	0	22	0	0
OTU490	2	5.41105762429292	44	0.00219076280931986	0	12	0.816496580927727	0
OTU492	2	0	0	0.000505441725397034	1	4	-0.113960576459638	0
OTU493	1	0	0	3.014102533102e-168	0	31	0	0
OTU494	15	924.939668774179	9540	0.0349572954696885	0.361904761904762	0	0.624033644459968	0.124444444444444
OTU496	8	47.7432840681308	2434	0.0416247556800391	0.5	1	0	0
OTU497	2	323	4751	8.33083523949579e-05	0	22	0	0
OTU498	1	0	0	0.0001533877835211	0	0	-1.40407570003493	0
OTU499	4	571.727252457003	3305	6.95471268402096e-05	0.166666666666667	4	1.36752691751566	0
OTU502	2	0	0	0.000495987191351787	1	8	0	0
OTU508	13	823.917872699674	14960	0.0738664434731727	0.333333333333333	0	0.468025233344976	0
OTU509	1	0	0	0.00205691518377913	0	0	-1.40407570003493	0
OTU510	1	0	0	0.000149449255536076	0	33	0	0
OTU513	5	12.1148320481674	132	0.0261379158806817	0.5	0	-0.78004205557496	0
OTU517	2	323	2805	3.77960400214034e-05	0	1	-0.949775622301865	0
OTU518	13	4378.98793937756	39332	0.0523555686052998	0.230769230769231	0	0.156008411114992	0.272189349112426
OTU519	1	0	0	9.97282871851577e-192	0	50	0	0
OTU520	1	0	0	9.97282871851577e-192	0	49	0	0
OTU523	1	0	0	6.51750256371099e-05	0	21	0	0
OTU525	2	0	0	4.4262570417095e-05	1	7	0	0
OTU526	3	323	4613	0.000147540730597594	0.333333333333333	2	0.786795792469443	0
OTU528	4	8.27801142685857	267	0.0133163083155689	0.666666666666667	1	-0.633183748201243	0
OTU531	3	645	4769	1.91152569532433e-06	0	8	1.3228756555323	0
OTU532	7	644.884710131678	8164	0.004205324325947	0.285714285714286	0	-0.468025233344976	0
OTU534	9	411.464831738834	5497	0.0700594138100793	0.583333333333333	0	-0.468025233344976	0.37037037037037
OTU535	2	323	1907	1.24376067462679e-06	0	9	0.447213595499958	0
OTU539	1	0	0	3.014102533102e-168	0	29	0	0
OTU541	14	231.702415024549	6278	0.0985451829521886	0.659340659340659	1	0.949775622301865	0
OTU550	1	0	0	0.00685923720349088	0	0	-1.40407570003493	0
OTU551	1	0	0	3.014102533102e-168	0	30	0	0
OTU553	1	0	0	9.97282871851577e-192	0	50	0	0
OTU554	17	596.015548241047	9681	0.108395357094231	0.411764705882353	0	0.936050466689952	0.110726643598616
OTU557	1	0	0	9.97282871851577e-192	0	46	0	0
OTU560	2	323	3036	3.95192806903306e-08	0	11	0.408248290463863	0
OTU566	1	0	0	0.000474298923692508	0	4	-0.854704323447284	0
OTU568	3	6	6	5.63795150508764e-137	0.333333333333333	13	1.73205080756888	0
OTU572	3	1755.85904007082	10464	0.000323888337433273	0	9	0.447213595499958	0.444444444444444
OTU573	7	1149.83719735605	12695	0.0201351053836083	0.0952380952380952	3	-0.528025007856572	0.571428571428571
OTU574	2	0	0	1.61151777968794e-06	1	5	-0.282842712474619	0
OTU575	1	0	0	4.67068434275534e-159	0	18	-1	0
OTU576	1	0	0	9.97282871851577e-192	0	44	0	0
OTU577	1	0	0	9.97282871851577e-192	0	43	0	0
OTU580	1	0	0	9.97282871851577e-192	0	48	0	0
OTU586	3	0	0	0.0078480855193719	1	0	-1.09205887780494	0
OTU589	3	963	13932	0.00545073208245593	0.333333333333333	3	-0.528025007856572	0.444444444444444
OTU590	16	2902.43755780617	35510	0.0888111710835555	0.383333333333333	0	0.468025233344976	0.3046875
OTU592	1	0	0	9.97282871851577e-192	0	65	0	0
OTU593	1	0	0	1.23903884840052e-06	0	9	-0.894427190999916	0
OTU599	2	323	3036	3.95192806903306e-08	0	11	0.408248290463863	0
OTU602	5	618.770454791515	4468	0.0227081169821746	0.1	12	0.816496580927727	0.64
OTU603	4	95.0020325375073	644	0.00602761316956209	0.166666666666667	0	-0.936050466689952	0
OTU605	6	14.3453059670101	160	0.0159285753952827	0.6	0	-0.624033644459968	0
OTU609	4	0	0	0.00742244600192801	1	3	0.316815004713943	0
OTU610	8	211.423878858527	2316	0.0653547273961322	0.5	0	-0.468025233344976	0.21875
OTU611	10	511.798630078454	8111	0.0573908617331206	0.4	3	-0.528025007856572	0.64
OTU613	3	567.995338941352	5311	0.000970339715619196	0.333333333333333	5	-0.282842712474619	0.444444444444444
OTU614	3	644	3624	0.000674110495965359	0.333333333333333	7	1.41421356237309	0
OTU615	1	0	0	1.17778692757865e-07	0	8	-1.3228756555323	0
OTU619	5	1265.55406815437	9384	0.0108521594943336	0.2	7	0	0.64
OTU622	4	965.653846153846	21046	0.00201986399629489	0.333333333333333	10	0.707106781186548	0.5
OTU625	17	1286.88982413209	20400	0.104514086436029	0.345588235294118	0	1.09205887780494	0
OTU627	2	0	0	5.56923052718995e-06	1	5	-0.282842712474619	0
OTU629	1	0	0	8.65112275272097e-08	0	16	-1	0
OTU632	2	0	0	0.00125391742091552	1	1	-0.949775622301865	0
OTU634	2	963	7149	3.07881396710217e-05	0	8	0	0
OTU635	1	0	0	9.97282871851577e-192	0	51	0	0
OTU644	11	87.6757280559615	3926	0.0674047834306881	0.581818181818182	1	0.158295937050311	0.297520661157025
OTU645	2	2	2	7.5573260173001e-159	0	20	1	0
OTU648	1	0	0	4.67068434275534e-159	0	18	-1	0
OTU649	5	559.30116393927	5545	0.00265220730978593	0.2	3	0.739235010999201	0
OTU652	2	1	1	6.02820506620399e-168	0	27	0	0
OTU656	15	427.451523462359	8916	0.0649523280673151	0.504761904761905	1	1.10807155935218	0
OTU657	2	644	14026	0.000124930052494131	0	10	0.707106781186548	0
OTU661	2	399.838536512839	4680	0.000135289156018164	0	2	-0.242091013067521	0
OTU664	1	0	0	0.000163415804815452	0	3	-0.95044501414183	0
OTU668	4	687.376211536366	5995	8.48183175651284e-05	0.166666666666667	5	2.26274169979695	0
OTU670	2	49.8904289651797	380	0.001325113435416	0	3	-0.95044501414183	0.5
OTU673	1	0	0	0.000181336660775749	0	14	-1	0
OTU674	11	204.340489473625	3289	0.0615016609206651	0.545454545454545	0	0.156008411114992	0
OTU676	1	0	0	3.014102533102e-168	0	27	0	0
OTU682	14	442.51102427369	12315	0.111411632569532	0.472527472527473	1	0.158295937050311	0.459183673469388
OTU683	3	965	5717	2.01093639303982e-05	0	9	1.78885438199983	0
OTU685	2	0	0	3.94879078428838e-07	1	2	-0.242091013067521	0
OTU687	2	323	3358	1.4040607047248e-06	0	16	1	0
OTU689	1	0	0	9.97282871851577e-192	0	60	0	0
OTU691	1	0	0	2.08515391472334e-05	0	3	-0.95044501414183	0
OTU696	5	250.213054275736	2177	0.0200303319629609	0.6	0	-0.78004205557496	0
OTU697	1	0	0	9.97282871851577e-192	0	64	0	0
OTU699	1	0	0	9.97282871851577e-192	0	58	0	0
OTU710	2	0	0	4.58993893642885e-137	1	13	0	0
OTU711	1	0	0	9.97282871851577e-192	0	66	0	0
OTU712	1	0	0	9.97282871851577e-192	0	46	0	0
OTU716	2	0	0	8.1085926726072e-05	1	1	-0.949775622301865	0
OTU721	1	0	0	9.97282871851577e-192	0	61	0	0
OTU722	2	323	1676	0.00242553288198282	0	33	0	0
OTU723	1	0	0	9.97282871851577e-192	0	38	0	0
OTU724	2	323	2414	0.00373322373278498	0	32	0	0
OTU726	9	212.260053551475	4929	0.069154278307841	0.5	1	-0.158295937050311	0.345679012345679
OTU732	9	1018.33566567175	12164	0.013733534871809	0.305555555555556	3	1.58407502356972	0.345679012345679
OTU733	1	0	0	5.13304574891477e-06	0	22	0	0
OTU736	25	1358.14413538328	22413	0.161114384307683	0.373333333333333	0	2.34012616672488	0
OTU737	1	0	0	9.97282871851577e-192	0	37	0	0
OTU739	3	1280	9528	0.000497774102602876	0.333333333333333	8	1.3228756555323	0
OTU742	1	0	0	9.97282871851577e-192	0	49	0	0
OTU743	1	0	0	3.014102533102e-168	0	28	0	0
OTU754	1	0	0	9.97282871851577e-192	0	41	0	0
OTU761	1	0	0	3.014102533102e-168	0	27	0	0
OTU765	8	4.54454402261801	98	0.0463182685436085	0.75	1	0	0
OTU766	1	0	0	0.00120231382779646	0	4	-0.854704323447284	0
OTU770	4	1908	21406	2.10449031527958e-05	0.5	6	0.894427190999916	0
OTU772	2	2	2	7.5573260173001e-159	0	17	1	0
OTU773	3	2655.61542644516	28458	0.00544968629949951	0	6	-1.11803398874989	0.666666666666667
OTU780	14	322.139446696909	8331	0.106652569293462	0.582417582417582	1	0.633183748201243	0.244897959183674
OTU782	4	431.3765829688	2276	0.00184987714884645	0.166666666666667	7	1.41421356237309	0.375
OTU784	2	1595	15160	1.02910855609952e-05	0	11	0.408248290463863	0
OTU788	1	0	0	4.54318620739204e-05	0	1	-1.10807155935218	0
OTU790	5	341.703310592329	3892	0.0146615211770106	0.3	1	-0.791479685251554	0.48
OTU793	13	406.059671368526	6253	0.111324110134304	0.564102564102564	0	0.468025233344976	0
OTU799	3	323	3615	0.00294305938071867	0.333333333333333	14	1	0.444444444444444
OTU803	10	124.455078302202	1199	0.060110456177085	0.488888888888889	0	0	0
OTU806	1	0	0	9.97282871851577e-192	0	52	0	0
OTU821	12	2231.00850986348	40911	0.0521863305879436	0.318181818181818	0	0	0.277777777777778
OTU823	1	0	0	9.97282871851577e-192	0	35	0	0
OTU830	8	1852.76741567315	20231	0.00969734247749478	0.321428571428571	1	-0.158295937050311	0.21875
OTU841	2	6	6	3.3833285460679e-137	0	13	0	0
OTU844	1	0	0	9.97282871851577e-192	0	45	0	0
OTU854	3	39.520403138128	569	0.00648185621507582	0.666666666666667	2	-1.27097781860449	0.444444444444444
OTU865	1	0	0	0.00216014117753621	0	1	-1.10807155935218	0
OTU873	2	0	0	0.0111511726468473	1	0	-1.24806728891994	0
OTU874	1	0	0	9.97282871851577e-192	0	40	0	0
OTU880	1	0	0	3.014102533102e-168	0	28	0	0
OTU883	2	2	2	7.5573260173001e-159	0	18	1	0
OTU890	1	0	0	0.00384106058947627	0	1	-1.10807155935218	0
OTU896	2	323	7014	7.72690209826785e-06	0	10	0.707106781186548	0
OTU911	2	0	0	0.00140443980213559	1	1	-0.949775622301865	0
OTU913	1	0	0	9.1920380849199e-08	0	6	-1.11803398874989	0
OTU926	5	645	7269	0.00554818283438757	0.3	3	0.739235010999201	0
OTU960	2	2.5	3	1.06850968111343e-06	0	2	-0.242091013067521	0
OTU989	1	0	0	9.97282871851577e-192	0	37	0	0
OTU1071	1	0	0	9.97282871851577e-192	0	38	0	0
OTU1074	2	4	4	3.27571586407464e-154	0	15	0.816496580927727	0
OTU1103	4	161	3062	1.49185022977997e-06	0.666666666666667	6	0.894427190999916	0
OTU1135	1	0	0	4.67068434275534e-159	0	17	-1	0
OTU1315	20	1745.59528389251	19555	0.112573913066417	0.331578947368421	0	1.24806728891994	0.185